16 17 18 19 20 21 22 23
20 21 22 23
1 2 3 4 5 6 7 8 9 10 11 12 13 14 15
16 17 18 19
1 2 3 4 5
6 7 8 9 10
11 12 13 14 15
16 20
17 21
18 22
19 23
1 6 11
2 7 12
3 8 13
4 9 14
5 10 15
